3682
170
2584
2341
2181
258
2656
51
2426
2870
2765
414
1342
715
173
2797
1061
761
1400
4227
907
3273
4624
441
1158
2299
4191
671
869
2692
3430
4355
2766
3357
2541
3180
2798
2661
2028
2017
965
766
1966
201
3427
177
61
1398
1425
803
1872
2771
2339
1863
2919
3262
1210
339
3712
2778
3112
3533
6
2263
476
620
433
4402
3136
725
3217
3486
2022
3751
1936
2396
1479
3222
3619
3826
770
2049
1634
4614
2558
2975
2437
529
129
1350
2802
3169
833
3634
4299
151
4089
1981
3293
2284
73
4333
4813
2094
3456
3579
4199
3220
960
781
2750
889
4287
1374
2974
68
2459
1387
3725
1688
4347
3362
1227
2404
160
3722
3875
2840
1846
2436
3740
2343
3142
1032
280
277
1188
1650
3379
852
3391
3152
901
2235
1654
1926
2117
3291
933
4652
1100
4160
2819
4049
3603
3117
3199
4437
1313
3673
1675
4100
3644
3692
950
3373
1866
4144
2198
1405
827
2475
1722
2167
3647
367
3049
227
446
2027
4352
4687
3829
2303
2344
3014
1796
2035
2696
3589
2283
1259
4707
3006
1753
209
3759
2918
225
2190
1077
3106
127
4483
4712
995
4542
1784
1489
4731
2979
2216
2457
3209
4083
900
26
1035
2075
4574
3627
1641
1233
2340
3083
4566
1978
2317
1940
1902
16
4013
240
1851
3945
519
110
1794
4699
1501
4680
3332
1917
1886
2588
890
1831
892
678
1889
946
2828
67
4635
4257
3990
3340
1543
4197
1779
3736
1415
3574
3723
2587
2026
2697
4458
675
2562
2961
1555
992
3453
3484
1814
2743
1474
4212
736
1653
1310
379
4538
667
3693
1635
2494
2430
3151
497
2095
825
2910
3859
601
1604
1043
4451
2672
2612
278
4617
2730
3148
1656
351
1209
485
4759
1984
690
4093
3625
4356
427
2795
3091
2391
192
3554
4735
42
1504
568
510
5
2385
3689
4502
2835
1193
0
1454
167
1036
819
1037
1464
3135
336
621
4474
3284
2111
658
1242
4415
1573
546
4062
3959
2469
2844
1268
707
396
1437
2749
2435
565
1377
3782
3297
3924
259
572
1983
3543
4131
2123
4261
4535
3994
310
412
2063
10
247
493
3072
2162
1759
741
506
1965
255
3343
4492
2460
149
4468
663
2770
4745
940
564
377
23
4224
3511
3466
704
152
4830
1829
1222
1630
1692
3328
3455
1864
1145
4551
2042
2546
87
415
4388
1854
2238
786
1459
2041
4262
4554
4822
3096
1442
3144
4480
4479
534
1746
699
2250
4003
4558
3225
3442
4251
1816
4318
1488
4273
1080
1472
2579
3728
3919
583
109
279
1798
1267
2047
2968
306
1706
4703
842
1205
3950
2967
2524
469
2449
4590
511
2454
305
2390
3790
2958
2660
2302
3471
3923
3382
1212
3594
1108
484
4271
1534
4240
1645
4238
3752
2496
4531
4375
2799
2700
3320
1772
3676
3866
2169
208
4657
1371
4638
2568
4665
1346
1704
4553
426
2079
697
4615
3017
2622
232
3590
2768
2596
1906
4208
641
1131
3089
4709
3537
866
1877
4783
3459
1285
4166
3157
614
1897
2843
2342
811
4348
323
2054
4293
3766
633
2310
315
2868
1171
1059
911
4104
121
1822
2206
489
3143
1231
3805
4482
3176
172
829
3360
38
1458
3500
1871
1610
1069
4055
3008
1082
3385
894
4788
632
4589
4439
3545
231
1819
710
1005
3913
4009
3984
3527
585
4185
3837
321
1805
2666
4277
491
1713
3709
1322
1308
2931
4768
1845
492
1701
3426
3798
4724
3070
3102
463
159
1639
1788
3100
294
2895
4096
4493
571
2472
1943
3806
1606
4714
2143
4656
3063
2322
2613
4457
4819
1463
3288
3987
4218
4738
3348
2269
4350
963
1806
3439
2914
532
2973
530
442
1449
2635
2499
2732
4755
1144
3161
1590
3146
1511
1832
2376
1876
2086
3874
3758
374
1565
1153
2265
3393
2357
730
1110
1824
4661
2741
4225
616
3345
1095
1207
2160
430
2837
1337
1179
2126
1497
4820
3729
1792
3843
1619
1291
1540
1991
2582
3582
2800
300
1643
3243
594
3904
4651
4684
4586
631
2470
4465
4211
3809
1129
2915
4771
2590
421
1537
4102
18
3795
4175
3108
4213
597
3544
2812
4048
4546
1693
1096
3438
1319
2249
674
4098
668
3247
4716
2907
2841
4060
705
4506
1083
2556
3036
1434
1127
1251
1985
3314
1214
2719
275
2515
185
1232
2266
2688
841
622
2359
3441
4573
3308
2110
1286
1975
4639
3043
1761
3918
978
1925
1592
3058
3602
296
713
4065
2589
854
635
1182
4359
4005
2318
888
2377
1682
4133
4334
204
1180
582
1428
4401
266
3011
2711
465
2170
1320
4152
3076
513
2933
584
547
1239
1106
2080
4663
1988
1367
640
4403
2963
2464
2308
3547
1223
4646
31
2193
3347
1194
3560
4605
4433
3895
4423
2788
985
1633
3910
4757
1539
3618
3998
303
3951
29
1052
2647
4625
928
2751
4263
4785
2681
3518
4243
880
183
1969
4529
3485
2000
2229
3356
3080
2195
3234
3210
1161
3444
2549
308
384
700
2018
4329
524
4387
1576
2745
350
3119
60
3126
1971
4756
1136
3906
3409
3663
2830
815
2904
2486
4694
2128
2326
2809
2674
737
2030
2485
333
4555
4023
4076
3254
938
2438
1714
4324
3246
4818
3025
4595
3975
1257
4530
1192
3250
822
2392
2537
3872
1679
356
3662
4795
4523
2003
2168
3867
4269
382
1551
800
4792
630
2699
2886
1791
670
1668
2148
1536
4079
929
4215
4155
1146
1935
2149
3476
1493
1293
2222
2559
4548
4550
164
471
3140
1265
3354
2846
3715
4545
464
4082
2281
3697
1730
1949
1687
769
3295
3054
3422
1413
3615
1744
3860
543
687
3460
2520
2862
4141
3155
2237
2595
1525
4499
3205
1481
2171
2495
1266
2068
3433
4647
4231
1446
2690
924
2153
2598
1461
1632
2380
2986
3175
369
3985
1923
1254
3361
2504
3816
2630
242
1520
1148
677
1765
569
3093
2146
1187
389
171
265
2361
3296
3973
3324
4235
1164
4051
3421
3565
1563
4489
48
385
1173
1775
1334
4038
238
1049
3487
2724
1408
2272
3490
4377
1729
1143
3974
3299
4569
4705
1797
2371
2416
1260
2906
1903
41
4042
3672
75
4233
3937
3084
2853
4311
4430
3623
3700
4521
1544
1421
1875
3607
1672
1384
2453
438
669
4207
2246
1808
4787
1894
1278
3078
3178
2261
773
876
3489
1732
2172
3030
1353
1890
2594
4704
245
4833
4613
548
14
4272
717
1657
4706
4357
763
1989
2818
413
838
2225
2913
4512
1522
3519
4181
817
3435
3353
709
4291
2985
352
4371
488
3150
1079
3592
2510
2871
712
2616
406
2600
2490
1452
2353
153
2689
1557
2880
3294
1724
1316
1976
2205
1490
875
3666
1475
1336
3690
2395
1101
4752
4253
3915
3029
1618
425
666
1598
4289
3746
4767
4395
2578
528
30
545
3493
283
2908
3757
3066
148
4711
3939
2129
56
3505
1601
2106
780
4125
2011
711
843
1168
1584
4364
3661
575
2996
4732
1191
378
1880
1480
3664
1185
163
945
1953
814
3972
88
3168
4382
2577
4473
3462
154
4610
4453
3419
479
1103
3911
2626
2601
3156
1040
2056
1243
688
3004
4682
3549
991
3009
3370
3166
525
3
1760
2138
2560
2705
629
4632
202
2761
3954
720
3125
797
2522
1860
4764
2362
1211
2244
2896
1883
4084
1751
89
4344
605
1093
759
2511
902
577
3787
676
798
2276
449
3128
4132
3631
1793
1795
1858
4278
1691
1453
2061
3079
70
2535
2312
3386
1089
4216
1151
4692
128
747
2889
401
1804
2058
1607
2645
197
1304
554
334
20
235
3095
1440
3425
2898
1810
2920
147
681
1865
607
3977
3743
549
4796
3727
3256
4513
288
3989
3224
3526
2564
2786
4831
1666
2580
1918
3184
850
4190
66
3870
2203
475
3242
52
708
4729
3626
3463
1430
3899
602
3819
1274
2483
4702
1905
4660
1665
3679
287
921
1118
2785
4021
1982
4361
3127
2004
634
793
1007
542
2090
625
664
4505
1622
3467
4572
2876
4584
400
2254
1569
3962
580
292
1980
3280
626
2345
3612
1950
3726
4446
233
2570
2493
4087
3800
4061
835
2905
1757
1317
1174
3060
2649
3129
4162
3821
1416
3555
3323
4386
4069
2780
4460
3223
3708
1600
1471
4527
801
2994
2701
4011
360
3705
2865
4385
603
2137
1303
1256
1708
1572
845
4464
964
2957
2858
1015
1064
4342
2988
3616
4107
3704
3774
4556
4448
4773
1208
365
3768
363
4134
1588
1485
2839
2823
2922
2620
3966
112
3322
2937
24
527
3621
281
3302
2542
1272
4591
2642
531
2943
984
2529
403
2935
748
174
4283
1649
3276
3938
3892
4626
1735
879
4071
3050
4750
191
4032
2224
979
2118
3447
2654
1849
295
949
3099
4721
2893
2962
2508
4037
2321
371
1091
3267
1998
3677
2602
4394
2450
4252
4292
2764
1516
1623
3648
1236
4685
1919
195
643
1589
468
1547
2465
1677
80
1104
1986
1928
2492
782
3269
961
1820
2189
2859
1382
4130
2955
3777
3271
3997
1054
870
3695
4782
3367
2065
1946
257
3423
244
459
2286
458
3691
2641
1186
1696
2663
3378
1388
3770
1017
598
3062
249
1372
3130
679
1023
3434
2292
1570
1658
2638
4664
3260
3040
3641
1172
3218
2089
1470
968
1769
4294
1736
1898
3769
3531
774
651
2463
4161
896
1647
3239
3810
263
4275
2446
4784
4383
4180
1411
2363
2792
2274
307
4026
1651
216
11
1306
137
473
3012
2648
1280
2468
4557
2848
1676
1027
2814
143
1238
1447
455
2900
3258
861
2677
1394
4769
2897
71
4641
211
753
2199
2810
3377
3098
3879
22
4111
1047
4413
1599
3620
4580
3791
2127
2184
2875
3145
1279
3115
2234
765
1270
989
4001
3174
1767
2757
420
1107
4435
239
2349
135
4794
3365
4054
1126
4196
1048
863
2372
3507
2890
2476
3775
490
1114
2762
1646
1068
1366
1659
2116
1697
3081
1694
1916
3523
848
2857
2639
4469
505
4509
3838
661
452
2280
2847
502
2643
2358
4751
2960
4046
2114
578
3026
457
1115
1338
1269
3863
4043
2917
813
1637
3956
2936
3195
1662
3510
4597
3849
4544
820
751
326
2161
4184
2509
4232
4666
3716
2881
1716
2277
3548
925
1028
4484
4027
4432
2136
4461
3773
2023
3331
2614
3101
1348
4673
3517
2071
2425
4720
3658
1861
728
1904
2462
1780
4147
4650
4029
3162
2787
3232
868
4372
3451
4578
864
166
2262
1921
1558
2088
4249
397
659
2273
3208
3719
2916
3085
3028
3596
3562
1776
683
3257
2662
2400
2640
3277
883
591
2288
3653
3711
3822
3591
1738
3718
4031
1870
4316
1390
4636
4034
1556
1224
3577
4148
3417
1541
4549
3452
3086
3020
1102
1743
1067
77
1833
4410
3646
1523
507
2623
4510
3738
2383
1422
1025
345
1183
3003
2571
3244
2248
3221
3118
2531
2683
2221
2183
2141
794
2528
4172
3376
4743
539
1386
2307
3765
3957
2121
1609
3630
2477
653
4623
4122
1262
1781
138
2746
3139
939
2
2793
2255
3160
4472
474
619
2552
2657
832
500
3885
1881
1407
15
3013
3307
4274
520
2636
3908
4167
4600
4404
1414
4443
1277
3068
1960
3853
930
2091
3733
106
3581
4301
318
2760
1959
1853
3760
1418
2043
975
1789
2461
1968
840
272
2592
3761
4708
4398
2591
1613
3473
3788
3947
1580
2311
1184
2301
2990
1149
2944
4677
2073
859
3896
215
3599
2735
267
130
1521
2348
581
1859
3304
1996
4753
2001
2544
212
1305
2718
1163
2767
220
3645
696
2991
268
45
1815
3797
2523
4366
3027
4577
4599
483
4260
2253
437
4539
2423
1908
1915
74
828
2926
3245
4425
2651
1747
4163
3007
908
3964
3351
4441
2176
3688
3396
3219
2748
1671
2101
1010
2763
4827
3399
4444
3082
4201
3854
236
4534
2721
966
4340
4075
4360
1962
4286
1327
1575
2607
3509
2447
2709
1617
4336
387
721
4309
2783
1154
672
972
95
4267
673
3683
4659
2729
1612
1445
3710
4222
1586
146
2634
1922
297
1700
4672
942
4349
4006
3635
867
760
3553
4427
3865
1116
3651
2207
541
113
3094
3552
1066
3241
2628
2949
3965
380
1756
4517
4392
570
2658
328
1261
2180
2603
1531
982
2547
523
4310
3802
4804
1611
2165
408
2154
2650
1629
3252
3263
2415
4045
3717
2059
2563
429
2365
4073
1974
2983
4798
944
3141
2512
914
3877
3172
4576
4229
63
973
2925
2401
1378
1514
81
2930
731
274
2045
3912
1369
2409
1786
1298
1487
4099
4498
4778
1674
2331
3237
4025
904
4319
1734
2364
948
2355
3192
628
444
126
1762
460
2599
3405
4120
1062
3699
4210
223
251
4495
4400
4449
104
1973
456
971
3529
878
2901
1741
2135
3187
2573
1467
8
4113
2315
58
4264
478
3817
76
4519
4187
4118
2676
4418
3052
3018
2744
3429
2212
650
253
1638
214
746
3980
2604
969
3580
983
3216
4041
2285
2954
3110
752
4456
432
612
1383
2411
4470
2854
3033
1499
3629
1152
1220
893
2831
375
3667
2561
3828
1478
4282
4701
1029
3335
3468
1826
390
2500
317
184
4627
466
1092
3235
2194
34
2873
4816
4369
4808
1709
2585
2646
1799
4266
1615
86
1099
4351
443
860
862
1948
926
3315
3922
2725
657
2691
4332
228
2334
1752
1343
1234
1311
1755
4583
3842
1003
1491
805
3480
856
3901
1450
4044
913
36
4643
207
2125
346
3903
3550
4164
649
3364
4110
4471
179
3516
4734
117
2081
4276
692
947
2989
2892
2209
338
775
3188
3567
4279
4644
3147
1135
3275
4306
655
4810
1252
3116
2536
2557
3321
1312
872
3105
182
4596
691
903
1086
1955
4525
189
4485
2804
4737
2978
4002
999
3890
2838
3103
254
2448
4742
1053
1332
1952
3333
865
3461
3228
3238
3387
4123
2332
1402
2066
2055
2992
1951
4303
3077
2784
1578
3963
3958
1204
4658
3300
3605
59
4748
2953
3312
2829
3494
1931
2069
3767
2007
3878
2175
2083
1070
919
4408
1150
1727
788
2980
2894
2096
1
4137
3778
2044
2455
3206
270
738
4246
686
72
916
302
3088
4035
3424
243
3286
139
1121
588
1333
4678
4571
537
3481
2132
3109
512
3593
124
3840
1315
3114
1412
2997
3310
4631
3539
3034
4806
217
3266
2753
1739
4488
116
2752
1057
2518
410
3037
4621
768
2337
2553
2489
3313
3880
1628
2259
2950
3153
1621
3342
637
2534
4730
4675
2403
454
2952
2586
3742
348
4779
1972
4691
3401
4537
3659
762
2667
2406
3177
1664
1318
54
4153
1841
1022
2422
3349
309
2210
693
1263
3907
3572
563
1178
1365
2413
96
2774
2669
3995
4149
319
2882
3608
3279
3847
3660
784
4662
417
2424
2452
4022
4454
234
4114
2621
4312
2420
4431
4202
3133
3921
4417
155
698
2202
3179
1292
2231
2981
422
4059
1167
2191
4108
2708
4018
2397
734
1090
4091
4259
2885
2644
3057
1451
812
156
2615
2605
4219
3316
4106
2808
105
4540
3584
269
504
453
4151
3196
2271
4313
419
3272
4594
194
3265
3776
4698
3982
4501
1787
4552
2057
1992
3132
4746
355
1627
1253
482
777
4648
3443
4298
3437
538
648
424
2817
1345
1389
2243
2982
606
3047
4297
1742
4179
535
2064
3940
340
3173
27
3558
2951
739
3137
1468
376
4518
3861
3814
3832
3942
241
3214
4335
4739
2845
4228
1087
1964
3568
2029
3813
3834
2617
4511
2228
2545
3278
2742
1331
2715
2872
561
337
1176
43
1997
1783
2883
4124
851
4710
1300
9
2201
4247
393
2236
4024
2484
176
1591
1427
4170
3319
4649
2291
4477
260
3656
1616
1375
4168
2924
3657
3520
887
1901
289
1001
2714
3181
1330
4463
140
3298
936
2219
1282
2232
3707
810
2842
559
2173
224
1013
3475
2860
383
3197
4486
1255
590
3799
3575
4
551
2775
1004
4057
2879
3825
2139
976
2078
2704
2619
150
2329
1529
998
2471
2002
1492
3796
2693
3022
654
3755
4622
4528
2278
4409
4765
2803
4775
3698
1812
2306
2673
2776
2519
2144
373
2941
2891
3680
3654
4814
970
4559
144
1473
381
2513
2268
2478
1196
3855
2072
3193
2103
1999
1597
4280
4686
951
2296
47
3943
886
495
3336
3600
4314
4563
638
2038
857
2087
342
767
4325
4307
1368
611
4182
1930
3606
2759
399
1885
2279
3513
3374
1567
558
262
53
4452
4135
2142
2532
3236
2108
4308
1748
2012
4744
3789
3337
990
320
4560
755
3420
776
3031
3499
1363
2218
4536
2067
4436
1202
954
3637
2204
3171
877
3474
4601
2833
3381
93
3016
1098
353
1515
2554
3604
4391
423
2710
3756
1527
1532
3888
2874
2790
955
1466
1581
1910
609
1339
1393
3339
2899
1283
2240
642
3138
4780
3934
2782
4412
409
1352
439
2772
3967
2521
1774
576
809
2698
1241
2034
4447
1275
2025
3325
3681
3478
4676
4429
1884
2543
3744
1535
4095
1124
2304
4619
2539
1014
927
4733
1963
918
764
4695
2100
264
2633
3687
732
404
4476
830
2516
1703
4799
1862
1510
3824
2467
2324
2434
1519
1856
4653
1325
2187
2911
4696
103
3971
1995
4165
3524
1844
4304
4159
682
1397
1221
2811
3414
1410
3830
1712
1130
617
1754
229
1482
3557
4217
2122
1667
1602
4174
1857
1376
1640
4285
1723
4462
3038
743
1076
4507
1571
405
1157
4581
1526
78
4671
193
1000
2738
1341
656
145
1218
2540
3949
4758
4007
3893
2526
131
3359
392
361
4791
3585
4781
3706
4772
826
2005
3449
2928
1483
4183
357
952
2445
1869
284
567
1888
3341
3730
261
1237
2099
2712
3092
1088
4723
2428
2182
3090
1324
3929
3696
132
39
4128
3211
4543
125
4255
4112
1568
2366
2140
4239
3389
956
3804
3576
1071
64
3394
1288
1878
2368
2754
4420
2241
4323
2323
3883
3046
1927
2827
226
4365
4067
1942
3721
3309
83
627
1476
1574
101
1614
1967
1705
2293
1349
4105
4541
3638
3053
3772
2151
4612
2856
2959
335
2077
1039
2825
332
562
496
3563
1439
2196
3071
518
3871
4101
587
4688
706
2186
2659
252
3771
3763
3886
3406
1895
2112
435
4562
2378
533
3684
418
3935
1084
3212
311
2507
1827
1248
897
4242
2166
1954
1002
2655
550
3074
1502
92
142
4608
2487
4146
1469
4715
3779
2152
2370
3431
1958
2147
4092
2517
824
1228
1660
3841
873
1281
4000
1258
2877
3628
4645
1024
3301
1111
3051
436
2251
2923
3632
4802
4514
3368
2466
2987
3521
2211
3183
2866
2939
3753
2995
4515
1817
470
3395
2503
2608
3836
1907
3541
723
3714
680
3916
1031
312
3403
4358
1181
981
4237
1019
4230
3428
3131
1879
362
1133
498
744
1764
2713
4138
2432
3512
1321
1507
4039
3418
2267
4384
33
290
1740
2433
3864
1763
2356
3858
2574
3961
3458
3397
162
4725
65
1868
1933
1075
997
2631
716
2826
1046
1506
3538
719
1987
3536
416
434
4749
2945
1719
4337
2226
7
1026
4728
3941
2239
508
4829
3226
4411
837
1811
3436
199
3955
652
97
3897
4442
831
1970
3784
2145
2024
1302
84
1420
2694
3311
1018
4800
2723
1945
915
1670
1944
3203
1594
4010
4158
1994
714
2429
69
4494
4445
388
2946
3927
789
91
4015
3669
2020
3812
3735
4074
967
3981
3498
499
4370
487
2177
3876
4143
1290
3845
480
2098
2440
4396
4317
1530
3569
114
4322
2408
462
4689
1509
2367
4050
3745
3182
122
4736
3477
4121
85
4097
398
3170
1874
2473
4763
1406
3685
4815
2703
2220
2208
2227
2970
4200
802
3303
2610
754
4428
4520
370
4797
977
2728
1072
1941
689
1119
4593
2758
3002
3609
2163
1197
2373
3649
853
2014
1326
722
1711
2653
2801
3622
4828
1834
2834
3999
4346
3561
1800
586
917
2414
4368
3285
3087
395
46
4078
2852
1370
1391
3352
1229
2671
1340
2104
3931
1012
1596
1360
461
3952
701
2740
3701
847
2618
1166
1564
3261
2082
2214
4115
4603
2223
2418
4206
1085
2867
2350
4690
4116
2009
4220
4117
3587
4713
1271
986
180
1215
1249
3542
2538
4014
3793
1009
1503
1655
993
2333
4620
2832
3932
3446
849
1139
4343
3850
4475
1245
935
1636
3786
4770
3282
2706
2632
451
3344
3372
1695
2551
2863
2053
1244
2119
1566
1056
4503
821
2497
1771
3668
2264
1189
35
1562
1728
885
186
3887
2525
742
3741
1097
3857
4598
1354
3671
4056
1006
2502
3073
3566
158
4634
1120
4628
3762
3532
2419
2330
4072
3702
1758
3163
3624
3497
726
2722
2716
4077
3355
1873
3780
4140
521
1721
2999
2085
445
3633
2491
1855
3643
286
3292
1782
3846
2932
3274
515
1362
4156
1899
807
2052
2164
4205
4532
1423
1585
477
1273
3678
3122
920
2789
1465
4397
509
1347
2903
3363
2050
3097
2864
912
2670
2849
431
4416
4547
1112
4727
3001
3522
4339
1583
953
4248
1512
2934
3640
3835
727
4564
4640
450
1201
639
3061
4524
2993
2884
2548
740
2242
1911
3065
3754
2393
3496
618
1803
1689
2158
4496
785
4807
4774
4381
2736
4434
2252
2131
1105
3504
1033
4192
3894
2314
1294
3327
1496
1979
3107
2805
2597
3215
522
3573
1830
1549
2336
3515
3495
2791
1553
4088
210
3233
3482
1177
3992
540
2938
4019
1140
49
604
2185
2965
1842
4607
4036
1016
4508
4328
1790
823
526
1778
1498
790
1929
1295
3167
4321
4064
4127
1698
3891
624
3862
448
4209
4136
4490
1977
4611
1661
962
2969
4747
1683
844
4028
4491
467
1460
341
3318
2821
923
3898
3457
1957
4119
4103
922
1314
3946
354
4362
974
4585
2379
3748
2258
3578
4126
213
3380
3412
175
3259
3734
1142
4178
595
1517
2813
1455
1813
3229
855
1358
2016
1947
4374
2479
3652
934
1287
298
4345
3694
3642
3069
3559
3472
4642
402
3655
750
4188
1505
2297
3075
1396
1542
3820
4588
3000
1699
3968
1681
2316
4754
1605
2290
4450
2335
4681
3059
1198
1785
4811
2074
3306
1250
1137
4522
1289
4008
4281
846
1500
787
2247
3164
79
2527
1276
4467
3610
3534
4570
2113
282
1357
660
4320
481
665
2482
2060
2215
2431
2816
2200
3827
2566
1593
1932
818
3739
3104
3454
4080
3617
3501
3159
4777
3464
3231
1323
237
2294
3375
2388
4561
3948
291
3595
178
3750
411
2530
2006
3021
2410
4058
2405
2062
2664
2806
2036
1203
391
1063
806
2230
3833
3839
1436
1733
4440
2305
2155
4214
2855
1809
980
4592
2109
4169
2756
1431
1074
2737
735
3979
187
2629
3611
4221
2777
695
2820
4390
111
3045
4241
4726
2008
4637
2565
4776
1175
3410
3334
2505
1690
1838
3024
4805
4173
536
4081
4812
937
205
3407
733
2309
4668
168
2685
4354
1538
516
2407
1484
2398
2178
2375
884
50
25
2021
1284
1200
4575
4085
3450
1896
1887
3614
2015
2976
4066
327
4142
2417
2260
1443
3917
3283
3158
4052
3432
4655
1058
198
1818
1065
1359
1309
1843
1307
647
3194
2680
4012
1648
4016
2213
3270
1219
472
3358
3154
1226
2481
4793
4068
1934
2888
2381
2352
1199
1424
4414
2120
1912
959
2412
1750
1138
3005
4717
1128
3613
3015
1920
2956
3556
4481
3032
2287
2441
3413
2033
3873
4367
2386
1595
2480
3986
1839
2572
3749
118
4379
3794
1731
702
3781
293
1240
4258
1993
596
1801
1486
4516
3996
4565
3665
271
3400
3764
3914
3149
882
3636
2439
2092
1707
3856
4629
3882
1726
3881
2695
905
3583
3970
2102
816
1134
368
2130
1770
1582
1867
1835
3792
1631
3366
1462
3067
344
613
514
1409
4825
3056
1429
1190
1109
2444
4330
593
1836
386
4679
1335
2909
4824
3440
3124
2384
4265
347
4823
3909
1644
1170
2257
1663
615
4762
3346
1329
3227
2124
2275
1030
447
4718
600
1533
4295
3416
3039
645
2567
2727
3044
4302
3384
222
556
4244
501
3469
3383
2707
1766
2506
808
3388
891
1642
1554
3713
2179
646
517
3808
994
3230
3350
1117
839
1579
3535
3445
804
1508
1356
2013
2769
3586
2046
3255
644
2972
3253
4741
1577
1020
3675
4047
3483
4683
3190
349
1448
4526
3902
3249
3290
2456
1680
3479
1246
1021
1825
4338
4604
3491
3598
1206
906
1715
1132
1380
4198
1162
2048
2581
2836
3724
1937
2245
2731
1684
1546
3121
1073
3289
4177
2948
394
958
1686
592
4722
772
2611
4606
2624
1837
248
2150
2998
4139
2070
299
2159
1828
4204
3588
4630
276
1990
4760
4226
1078
1720
1419
1433
2133
4616
3844
4809
4455
4533
636
4331
4421
3035
3920
4697
4674
1426
3571
3268
1477
2533
2443
3201
325
62
3251
1216
3408
4376
2217
792
662
322
1264
2720
1159
599
1379
957
745
2569
4195
3960
428
3448
2097
4790
4654
2984
3281
3783
2550
1891
4109
3207
3204
4826
3993
4296
1444
2037
2781
2107
1381
2032
4129
2675
3546
3198
165
4567
1545
791
1355
2256
796
3134
2755
3732
684
1559
2134
4300
2295
4157
3869
4393
1768
2964
2739
4250
3338
1299
3988
2328
12
1850
2040
2966
206
1401
2637
1624
37
1125
2346
21
573
440
4004
2921
2684
161
1235
3976
3186
2851
2794
758
3329
3200
4504
3823
3540
589
3502
372
3317
2233
694
756
1548
3202
2156
4609
19
544
2387
1435
2351
4405
4424
4378
1008
314
1395
3506
3815
566
1900
1603
3189
3983
3465
834
4353
555
795
3041
4789
799
90
836
1608
1044
1840
157
4568
285
4223
552
1848
553
4030
1725
4268
1113
2679
2652
3747
4587
4803
2878
3703
230
4487
169
4579
2609
3868
895
3686
2115
2300
2051
359
3570
1847
4290
1404
3953
181
2850
4154
1297
108
2157
1513
2010
4189
1094
4193
4020
98
2369
2912
3287
2039
2442
3807
4150
1773
623
771
724
1141
1038
324
2019
4341
3900
1552
1892
1626
2347
4817
4284
1060
943
3530
3390
2593
4422
1745
1777
1438
4582
3248
2682
3042
1737
4245
996
1011
3889
44
1802
196
2971
1385
102
910
2665
4326
218
1678
3852
2282
3674
1351
136
1441
1081
3601
133
3111
1301
2824
1160
503
3120
1045
2947
4315
3551
1620
4234
82
3991
1652
2084
1373
4602
190
4459
1296
3508
94
2927
3402
1123
1155
1956
100
4327
931
4633
366
1399
4500
1913
3055
2625
219
4426
2668
3264
1361
610
2192
250
3969
3503
2815
4438
358
2514
1882
3926
4670
4669
3330
4254
1669
4667
987
3213
4419
1893
2402
718
778
4063
4305
2807
1156
608
881
203
3928
941
3801
2382
1710
3737
1457
932
256
3404
486
1807
4236
4270
119
4186
246
4406
685
4094
3930
2289
13
4389
1213
2421
4380
2458
858
343
3185
200
2399
1147
57
3392
1852
3123
4070
3597
273
2327
2576
2498
99
2861
1344
1961
2093
874
2488
40
2822
3165
1169
2726
1561
4040
1392
3369
2555
1247
1055
3411
3240
4090
17
188
1034
313
494
757
3731
3492
2796
3564
2942
3818
1518
2902
2338
4497
779
4478
3639
316
331
3023
1042
1550
574
330
783
1195
32
3305
2474
1924
2733
3978
4693
1524
1403
3488
3371
3326
1217
4766
221
1587
3048
2887
4033
3670
3925
2686
1938
1914
1225
3933
1717
2501
3398
4700
4203
2773
3650
3936
4171
988
4288
2606
2031
4256
4786
2313
3831
2678
3113
4801
2977
4176
579
2451
2374
4373
4761
898
4363
749
909
2427
407
134
4407
2575
871
1417
1749
2389
1909
2325
1328
3905
4086
3944
3720
2354
1051
2717
1939
1673
28
2174
4832
4399
2687
1494
2929
3415
2394
4821
1165
123
4017
2319
304
4053
2298
1456
329
4466
2583
729
1528
2320
4719
107
1230
3019
120
2940
364
2779
1122
1718
3525
1821
1050
3811
3191
2734
2869
3848
1685
3514
2188
141
3010
3851
3470
3803
1432
3528
1823
4145
557
2702
4194
1702
1495
3064
1041
4740
4618
3884
2197
3785
55
115
1625
899
2076
2747
2360
2105
703
2627
301
1364
1560
560
2270
